%YAML:1.0

test.InitVIOTmpPath: "./temp/"


Camera.Tbc:
        [0.0148655429818, -0.999880929698, 0.00414029679422, -0.0216401454975,
         0.999557249008, 0.0149672133247, 0.025715529948, -0.064676986768,
        -0.0257744366974, 0.00375618835797, 0.999660727178, 0.00981073058949,
         0.0, 0.0, 0.0, 1.0]

IMU.multiplyG: 1
IMU.rate: 200
IMU.sigma_g: 1.7e-4
IMU.sigma_a: 2.0000e-3
IMU.sigma_gw: 1.9393e-05 
IMU.sigma_aw: 3.0000e-03

runningMode: MonoVI
deactiveLoopClosure: 1
dispalyTimeStatistic: 0
visionAidWhenTrackWithIMUFail: 0
waitUntilLocalMapIdle: 1
onlyTrackLocalMap: 0
estimateExtrinsicBetweenCameraAndIMU: 0
CreateRandomMatrixLastForFirstVIOInit:0
